0.00000 0.00000 0.00000
0.00000 -0.00500 0.00000
0.00000 -0.01000 0.00000
0.00000 -0.01500 0.00000
0.00000 -0.02000 0.00000
0.00000 -0.02500 0.00000
0.00000 -0.03000 0.00000
0.00000 -0.03500 0.00000
0.00000 -0.04000 0.00000
0.00000 -0.04500 0.00000
0.00000 -0.05000 0.00000
0.00000 -0.05500 0.00000
0.00000 -0.06000 0.00000
0.00000 -0.06500 0.00000
0.00000 -0.07000 0.00000
0.00000 -0.07500 0.00000
0.00000 -0.08000 0.00000
0.00000 -0.08500 0.00000
0.00000 -0.09000 0.00000
0.00000 -0.09500 0.00000
0.00000 -0.10000 0.00000
0.00000 -0.10500 0.00000
0.00001 -0.11000 0.00000
0.00005 -0.11500 0.00000
0.00012 -0.12000 0.00000
0.00025 -0.12500 0.00000
0.00044 -0.12999 0.00000
0.00070 -0.13499 0.00000
0.00105 -0.13998 0.00000
0.00150 -0.14495 0.00000
0.00206 -0.14992 0.00000
0.00275 -0.15488 0.00000
0.00357 -0.15981 0.00000
0.00454 -0.16471 0.00000
0.00566 -0.16958 0.00000
0.00696 -0.17441 0.00000
0.00844 -0.17919 0.00000
0.01011 -0.18390 0.00000
0.01197 -0.18854 0.00000
0.01404 -0.19309 0.00000
0.01633 -0.19754 0.00000
0.01884 -0.20187 0.00000
0.02158 -0.20605 0.00000
0.02455 -0.21007 0.00000
0.02774 -0.21392 0.00000
0.03114 -0.21759 0.00000
0.03473 -0.22106 0.00000
0.03851 -0.22433 0.00000
0.04247 -0.22739 0.00000
0.04660 -0.23022 0.00000
0.05087 -0.23281 0.00000
0.05528 -0.23517 0.00000
0.05981 -0.23727 0.00000
0.06446 -0.23912 0.00000
0.06920 -0.24072 0.00000
0.07402 -0.24204 0.00000
0.07891 -0.24310 0.00000
0.08385 -0.24388 0.00000
0.08882 -0.24439 0.00000
0.09381 -0.24462 0.00000
0.09881 -0.24457 0.00000
0.10380 -0.24425 0.00000
0.10877 -0.24364 0.00000
0.11369 -0.24277 0.00000
0.11856 -0.24162 0.00000
0.12335 -0.24021 0.00000
0.12806 -0.23853 0.00000
0.13267 -0.23659 0.00000
0.13716 -0.23439 0.00000
0.14153 -0.23196 0.00000
0.14575 -0.22928 0.00000
0.14982 -0.22637 0.00000
0.15372 -0.22325 0.00000
0.15744 -0.21991 0.00000
0.16097 -0.21636 0.00000
0.16430 -0.21263 0.00000
0.16742 -0.20872 0.00000
0.17031 -0.20464 0.00000
0.17297 -0.20041 0.00000
0.17540 -0.19604 0.00000
0.17757 -0.19154 0.00000
0.17950 -0.18692 0.00000
0.18116 -0.18221 0.00000
0.18256 -0.17741 0.00000
0.18369 -0.17254 0.00000
0.18455 -0.16761 0.00000
0.18514 -0.16265 0.00000
0.18545 -0.15766 0.00000
0.18548 -0.15266 0.00000
0.18523 -0.14766 0.00000
0.18471 -0.14269 0.00000
0.18391 -0.13775 0.00000
0.18284 -0.13287 0.00000
0.18150 -0.12805 0.00000
0.17989 -0.12332 0.00000
0.17803 -0.11868 0.00000
0.17590 -0.11415 0.00000
0.17354 -0.10975 0.00000
0.17093 -0.10548 0.00000
0.16808 -0.10137 0.00000
0.16502 -0.09742 0.00000
0.16173 -0.09365 0.00000
0.15825 -0.09007 0.00000
0.15457 -0.08668 0.00000
0.15071 -0.08350 0.00000
0.14668 -0.08055 0.00000
0.14249 -0.07782 0.00000
0.13815 -0.07533 0.00000
0.13369 -0.07308 0.00000
0.12910 -0.07108 0.00000
0.12441 -0.06934 0.00000
0.11964 -0.06787 0.00000
0.11478 -0.06666 0.00000
0.10987 -0.06572 0.00000
0.10492 -0.06506 0.00000
0.09993 -0.06467 0.00000
0.09493 -0.06456 0.00000
0.08994 -0.06473 0.00000
0.08496 -0.06518 0.00000
0.08001 -0.06590 0.00000
0.07511 -0.06690 0.00000
0.07027 -0.06816 0.00000
0.06551 -0.06969 0.00000
0.06084 -0.07149 0.00000
0.05628 -0.07354 0.00000
0.05184 -0.07584 0.00000
0.04754 -0.07838 0.00000
0.04338 -0.08116 0.00000
0.03939 -0.08416 0.00000
0.03556 -0.08738 0.00000
0.03192 -0.09081 0.00000
0.02848 -0.09444 0.00000
0.02524 -0.09825 0.00000
0.02222 -0.10224 0.00000
0.01943 -0.10638 0.00000
0.01687 -0.11068 0.00000
0.01455 -0.11511 0.00000
0.01249 -0.11966 0.00000
0.01067 -0.12432 0.00000
0.00912 -0.12907 0.00000
0.00784 -0.13391 0.00000
0.00683 -0.13880 0.00000
0.00609 -0.14375 0.00000
0.00562 -0.14873 0.00000
0.00544 -0.15372 0.00000
0.00553 -0.15872 0.00000
0.00589 -0.16371 0.00000
0.00654 -0.16867 0.00000
0.00746 -0.17358 0.00000
0.00864 -0.17844 0.00000
0.01010 -0.18322 0.00000
0.01182 -0.18792 0.00000
0.01380 -0.19251 0.00000
0.01603 -0.19698 0.00000
0.01851 -0.20133 0.00000
0.02122 -0.20553 0.00000
