-0.00156 0.00226 0.00000
-0.00309 0.00454 0.00000
-0.00462 0.00685 0.00000
-0.00613 0.00919 0.00000
-0.00763 0.01155 0.00000
-0.00910 0.01395 0.00000
-0.01054 0.01637 0.00000
-0.01196 0.01881 0.00000
-0.01334 0.02127 0.00000
-0.01469 0.02375 0.00000
-0.01599 0.02626 0.00000
-0.01725 0.02877 0.00000
-0.01846 0.03131 0.00000
-0.01962 0.03386 0.00000
-0.02073 0.03642 0.00000
-0.02177 0.03899 0.00000
-0.02275 0.04157 0.00000
-0.02366 0.04415 0.00000
-0.02450 0.04675 0.00000
-0.02526 0.04934 0.00000
-0.02594 0.05193 0.00000
-0.02655 0.05453 0.00000
-0.02706 0.05712 0.00000
-0.02748 0.05970 0.00000
-0.02781 0.06227 0.00000
-0.02804 0.06484 0.00000
-0.02818 0.06739 0.00000
-0.02823 0.06993 0.00000
-0.02819 0.07245 0.00000
-0.02806 0.07496 0.00000
-0.02784 0.07744 0.00000
-0.02755 0.07991 0.00000
-0.02716 0.08236 0.00000
-0.02670 0.08479 0.00000
-0.02616 0.08719 0.00000
-0.02555 0.08958 0.00000
-0.02486 0.09194 0.00000
-0.02409 0.09427 0.00000
-0.02325 0.09658 0.00000
-0.02235 0.09886 0.00000
-0.02137 0.10111 0.00000
-0.02033 0.10333 0.00000
-0.01922 0.10553 0.00000
-0.01805 0.10769 0.00000
-0.01682 0.10982 0.00000
-0.01553 0.11191 0.00000
-0.01418 0.11397 0.00000
-0.01277 0.11600 0.00000
-0.01130 0.11798 0.00000
-0.00978 0.11993 0.00000
-0.00821 0.12184 0.00000
-0.00659 0.12371 0.00000
-0.00492 0.12554 0.00000
-0.00320 0.12733 0.00000
-0.00144 0.12908 0.00000
0.00038 0.13079 0.00000
0.00223 0.13246 0.00000
0.00413 0.13410 0.00000
0.00608 0.13569 0.00000
0.00806 0.13724 0.00000
0.01009 0.13875 0.00000
0.01216 0.14022 0.00000
0.01426 0.14165 0.00000
0.01640 0.14305 0.00000
0.01858 0.14440 0.00000
0.02080 0.14571 0.00000
0.02304 0.14698 0.00000
0.02532 0.14821 0.00000
0.02764 0.14940 0.00000
0.02998 0.15055 0.00000
0.03235 0.15165 0.00000
0.03476 0.15272 0.00000
0.03719 0.15374 0.00000
0.03964 0.15473 0.00000
0.04212 0.15567 0.00000
0.04463 0.15657 0.00000
0.04716 0.15743 0.00000
0.04971 0.15825 0.00000
0.05228 0.15902 0.00000
0.05487 0.15975 0.00000
0.05748 0.16044 0.00000
0.06011 0.16109 0.00000
0.06275 0.16169 0.00000
0.06541 0.16225 0.00000
0.06809 0.16277 0.00000
0.07077 0.16325 0.00000
0.07347 0.16368 0.00000
0.07618 0.16406 0.00000
0.07890 0.16441 0.00000
0.08163 0.16471 0.00000
0.08436 0.16496 0.00000
0.08710 0.16517 0.00000
0.08985 0.16534 0.00000
0.09260 0.16546 0.00000
0.09535 0.16554 0.00000
0.09810 0.16557 0.00000
0.10085 0.16555 0.00000
0.10360 0.16549 0.00000
0.10635 0.16539 0.00000
0.10910 0.16524 0.00000
0.11184 0.16504 0.00000
0.11458 0.16480 0.00000
0.11731 0.16451 0.00000
0.12003 0.16418 0.00000
0.12275 0.16380 0.00000
0.12545 0.16338 0.00000
0.12815 0.16291 0.00000
0.13083 0.16241 0.00000
0.13350 0.16185 0.00000
0.13616 0.16125 0.00000
0.13881 0.16061 0.00000
0.14144 0.15993 0.00000
0.14405 0.15920 0.00000
0.14665 0.15843 0.00000
0.14923 0.15762 0.00000
0.15180 0.15676 0.00000
0.15434 0.15587 0.00000
0.15687 0.15493 0.00000
0.15937 0.15395 0.00000
0.16185 0.15292 0.00000
0.16431 0.15186 0.00000
0.16674 0.15075 0.00000
0.16915 0.14960 0.00000
0.17153 0.14841 0.00000
0.17389 0.14718 0.00000
0.17622 0.14592 0.00000
0.17851 0.14461 0.00000
0.18078 0.14326 0.00000
0.18302 0.14187 0.00000
0.18523 0.14044 0.00000
0.18741 0.13897 0.00000
0.18955 0.13746 0.00000
0.19166 0.13591 0.00000
0.19373 0.13433 0.00000
0.19577 0.13271 0.00000
0.19776 0.13104 0.00000
0.19972 0.12934 0.00000
0.20165 0.12761 0.00000
0.20353 0.12583 0.00000
0.20537 0.12402 0.00000
0.20717 0.12217 0.00000
0.20892 0.12029 0.00000
0.21063 0.11837 0.00000
0.21230 0.11641 0.00000
0.21392 0.11442 0.00000
0.21550 0.11239 0.00000
0.21702 0.11033 0.00000
0.21850 0.10823 0.00000
0.21993 0.10610 0.00000
0.22131 0.10394 0.00000
0.22264 0.10174 0.00000
0.22392 0.09951 0.00000
0.22514 0.09725 0.00000
0.22632 0.09495 0.00000
0.22744 0.09264 0.00000
0.22850 0.09029 0.00000
0.22952 0.08792 0.00000
0.23047 0.08553 0.00000
0.23137 0.08311 0.00000
0.23221 0.08068 0.00000
0.23299 0.07823 0.00000
0.23371 0.07576 0.00000
0.23437 0.07327 0.00000
0.23497 0.07078 0.00000
0.23551 0.06827 0.00000
0.23598 0.06575 0.00000
0.23639 0.06322 0.00000
0.23674 0.06068 0.00000
0.23701 0.05814 0.00000
0.23723 0.05559 0.00000
0.23737 0.05304 0.00000
0.23745 0.05050 0.00000
0.23745 0.04795 0.00000
0.23739 0.04540 0.00000
0.23725 0.04286 0.00000
0.23705 0.04033 0.00000
0.23677 0.03780 0.00000
0.23641 0.03529 0.00000
0.23599 0.03278 0.00000
0.23549 0.03029 0.00000
0.23491 0.02781 0.00000
0.23426 0.02535 0.00000
0.23353 0.02291 0.00000
0.23272 0.02049 0.00000
0.23183 0.01809 0.00000
0.23087 0.01571 0.00000
0.22982 0.01336 0.00000
0.22870 0.01103 0.00000
0.22749 0.00873 0.00000
0.22621 0.00646 0.00000
