-0.00001 -0.00195 0.00000
-0.00002 -0.00389 0.00000
-0.00003 -0.00585 0.00000
-0.00005 -0.00781 0.00000
-0.00007 -0.00979 0.00000
-0.00010 -0.01178 0.00000
-0.00013 -0.01378 0.00000
-0.00017 -0.01579 0.00000
-0.00021 -0.01781 0.00000
-0.00026 -0.01983 0.00000
-0.00030 -0.02187 0.00000
-0.00035 -0.02392 0.00000
-0.00041 -0.02597 0.00000
-0.00046 -0.02804 0.00000
-0.00052 -0.03011 0.00000
-0.00059 -0.03220 0.00000
-0.00065 -0.03429 0.00000
-0.00072 -0.03639 0.00000
-0.00079 -0.03849 0.00000
-0.00086 -0.04061 0.00000
-0.00093 -0.04273 0.00000
-0.00101 -0.04486 0.00000
-0.00109 -0.04700 0.00000
-0.00116 -0.04914 0.00000
-0.00124 -0.05129 0.00000
-0.00132 -0.05345 0.00000
-0.00141 -0.05562 0.00000
-0.00149 -0.05779 0.00000
-0.00157 -0.05997 0.00000
-0.00165 -0.06215 0.00000
-0.00174 -0.06434 0.00000
-0.00182 -0.06654 0.00000
-0.00190 -0.06874 0.00000
-0.00198 -0.07094 0.00000
-0.00207 -0.07315 0.00000
-0.00215 -0.07537 0.00000
-0.00223 -0.07759 0.00000
-0.00231 -0.07982 0.00000
-0.00239 -0.08205 0.00000
-0.00247 -0.08428 0.00000
-0.00254 -0.08652 0.00000
-0.00262 -0.08876 0.00000
-0.00269 -0.09101 0.00000
-0.00276 -0.09326 0.00000
-0.00283 -0.09551 0.00000
-0.00289 -0.09776 0.00000
-0.00296 -0.10002 0.00000
-0.00302 -0.10228 0.00000
-0.00308 -0.10455 0.00000
-0.00313 -0.10681 0.00000
-0.00319 -0.10908 0.00000
-0.00323 -0.11135 0.00000
-0.00328 -0.11363 0.00000
-0.00332 -0.11590 0.00000
-0.00336 -0.11817 0.00000
-0.00340 -0.12045 0.00000
-0.00343 -0.12273 0.00000
-0.00345 -0.12501 0.00000
-0.00347 -0.12729 0.00000
-0.00349 -0.12957 0.00000
-0.00350 -0.13185 0.00000
-0.00351 -0.13413 0.00000
-0.00351 -0.13641 0.00000
-0.00351 -0.13869 0.00000
-0.00350 -0.14097 0.00000
-0.00348 -0.14324 0.00000
-0.00346 -0.14552 0.00000
-0.00344 -0.14780 0.00000
-0.00340 -0.15008 0.00000
-0.00337 -0.15235 0.00000
-0.00332 -0.15462 0.00000
-0.00327 -0.15689 0.00000
-0.00321 -0.15916 0.00000
-0.00314 -0.16143 0.00000
-0.00307 -0.16370 0.00000
-0.00299 -0.16596 0.00000
-0.00290 -0.16822 0.00000
-0.00281 -0.17048 0.00000
-0.00271 -0.17273 0.00000
-0.00259 -0.17498 0.00000
-0.00247 -0.17723 0.00000
-0.00235 -0.17947 0.00000
-0.00221 -0.18171 0.00000
-0.00207 -0.18395 0.00000
-0.00191 -0.18618 0.00000
-0.00175 -0.18841 0.00000
-0.00158 -0.19063 0.00000
-0.00140 -0.19285 0.00000
-0.00121 -0.19506 0.00000
-0.00101 -0.19727 0.00000
-0.00080 -0.19947 0.00000
-0.00058 -0.20167 0.00000
-0.00035 -0.20386 0.00000
-0.00010 -0.20605 0.00000
0.00015 -0.20823 0.00000
0.00041 -0.21040 0.00000
0.00068 -0.21257 0.00000
0.00097 -0.21473 0.00000
0.00127 -0.21688 0.00000
0.00160 -0.21902 0.00000
0.00194 -0.22116 0.00000
0.00230 -0.22327 0.00000
0.00268 -0.22538 0.00000
0.00309 -0.22747 0.00000
0.00353 -0.22954 0.00000
0.00399 -0.23159 0.00000
0.00449 -0.23363 0.00000
0.00501 -0.23564 0.00000
0.00557 -0.23762 0.00000
0.00617 -0.23958 0.00000
0.00680 -0.24152 0.00000
0.00747 -0.24342 0.00000
0.00819 -0.24530 0.00000
0.00894 -0.24714 0.00000
0.00974 -0.24895 0.00000
0.01058 -0.25072 0.00000
0.01147 -0.25246 0.00000
0.01241 -0.25415 0.00000
0.01340 -0.25581 0.00000
0.01444 -0.25742 0.00000
0.01554 -0.25899 0.00000
0.01668 -0.26051 0.00000
0.01788 -0.26199 0.00000
0.01913 -0.26342 0.00000
0.02043 -0.26481 0.00000
0.02178 -0.26615 0.00000
0.02318 -0.26745 0.00000
0.02462 -0.26871 0.00000
0.02610 -0.26992 0.00000
0.02763 -0.27110 0.00000
0.02920 -0.27223 0.00000
0.03081 -0.27332 0.00000
0.03247 -0.27437 0.00000
0.03416 -0.27538 0.00000
0.03588 -0.27636 0.00000
0.03765 -0.27729 0.00000
0.03944 -0.27818 0.00000
0.04127 -0.27903 0.00000
0.04314 -0.27985 0.00000
0.04503 -0.28063 0.00000
0.04696 -0.28137 0.00000
0.04891 -0.28207 0.00000
0.05089 -0.28273 0.00000
0.05290 -0.28336 0.00000
0.05493 -0.28394 0.00000
0.05698 -0.28450 0.00000
0.05906 -0.28501 0.00000
0.06116 -0.28549 0.00000
0.06327 -0.28593 0.00000
0.06541 -0.28633 0.00000
0.06756 -0.28670 0.00000
0.06973 -0.28704 0.00000
0.07191 -0.28734 0.00000
0.07411 -0.28761 0.00000
0.07632 -0.28785 0.00000
0.07854 -0.28806 0.00000
0.08077 -0.28824 0.00000
0.08302 -0.28840 0.00000
0.08527 -0.28853 0.00000
0.08753 -0.28864 0.00000
0.08980 -0.28873 0.00000
0.09207 -0.28880 0.00000
0.09436 -0.28884 0.00000
0.09664 -0.28887 0.00000
0.09893 -0.28888 0.00000
0.10123 -0.28888 0.00000
0.10352 -0.28886 0.00000
0.10582 -0.28883 0.00000
0.10812 -0.28879 0.00000
0.11042 -0.28873 0.00000
0.11271 -0.28867 0.00000
0.11501 -0.28860 0.00000
0.11730 -0.28853 0.00000
0.11959 -0.28845 0.00000
0.12187 -0.28837 0.00000
0.12414 -0.28828 0.00000
0.12641 -0.28820 0.00000
0.12867 -0.28811 0.00000
0.13092 -0.28803 0.00000
0.13316 -0.28796 0.00000
0.13539 -0.28788 0.00000
0.13761 -0.28782 0.00000
0.13981 -0.28776 0.00000
0.14200 -0.28771 0.00000
0.14418 -0.28768 0.00000
0.14634 -0.28766 0.00000
0.14848 -0.28765 0.00000
0.15061 -0.28765 0.00000
0.15271 -0.28768 0.00000
0.15480 -0.28772 0.00000
