0.00323 0.00003 0.00000
0.00645 0.00008 0.00000
0.00972 0.00015 0.00000
0.01301 0.00024 0.00000
0.01634 0.00035 0.00000
0.01970 0.00047 0.00000
0.02309 0.00060 0.00000
0.02650 0.00073 0.00000
0.02993 0.00087 0.00000
0.03338 0.00101 0.00000
0.03684 0.00114 0.00000
0.04032 0.00128 0.00000
0.04381 0.00140 0.00000
0.04730 0.00151 0.00000
0.05080 0.00161 0.00000
0.05431 0.00169 0.00000
0.05781 0.00175 0.00000
0.06131 0.00178 0.00000
0.06480 0.00179 0.00000
0.06829 0.00177 0.00000
0.07176 0.00171 0.00000
0.07521 0.00162 0.00000
0.07865 0.00149 0.00000
0.08207 0.00131 0.00000
0.08547 0.00110 0.00000
0.08884 0.00083 0.00000
0.09219 0.00051 0.00000
0.09552 0.00014 0.00000
0.09882 -0.00029 0.00000
0.10209 -0.00078 0.00000
0.10534 -0.00133 0.00000
0.10857 -0.00194 0.00000
0.11177 -0.00262 0.00000
0.11495 -0.00337 0.00000
0.11810 -0.00420 0.00000
0.12122 -0.00510 0.00000
0.12432 -0.00607 0.00000
0.12739 -0.00713 0.00000
0.13044 -0.00827 0.00000
0.13345 -0.00949 0.00000
0.13645 -0.01081 0.00000
0.13941 -0.01221 0.00000
0.14235 -0.01370 0.00000
0.14526 -0.01529 0.00000
0.14815 -0.01697 0.00000
0.15100 -0.01876 0.00000
0.15384 -0.02064 0.00000
0.15664 -0.02263 0.00000
0.15942 -0.02474 0.00000
0.16215 -0.02696 0.00000
0.16483 -0.02929 0.00000
0.16742 -0.03173 0.00000
0.16990 -0.03428 0.00000
0.17226 -0.03693 0.00000
0.17446 -0.03968 0.00000
0.17647 -0.04251 0.00000
0.17829 -0.04542 0.00000
0.17987 -0.04840 0.00000
0.18119 -0.05145 0.00000
0.18223 -0.05453 0.00000
0.18298 -0.05765 0.00000
0.18341 -0.06078 0.00000
0.18354 -0.06391 0.00000
0.18341 -0.06702 0.00000
0.18302 -0.07011 0.00000
0.18240 -0.07318 0.00000
0.18156 -0.07623 0.00000
0.18051 -0.07924 0.00000
0.17928 -0.08222 0.00000
0.17786 -0.08515 0.00000
0.17629 -0.08801 0.00000
0.17456 -0.09081 0.00000
0.17269 -0.09353 0.00000
0.17069 -0.09615 0.00000
0.16859 -0.09867 0.00000
0.16638 -0.10107 0.00000
0.16409 -0.10335 0.00000
0.16172 -0.10551 0.00000
0.15926 -0.10757 0.00000
0.15673 -0.10953 0.00000
0.15412 -0.11138 0.00000
0.15145 -0.11314 0.00000
0.14870 -0.11481 0.00000
0.14589 -0.11640 0.00000
0.14303 -0.11790 0.00000
0.14010 -0.11932 0.00000
0.13711 -0.12066 0.00000
0.13408 -0.12194 0.00000
0.13099 -0.12314 0.00000
0.12786 -0.12428 0.00000
0.12468 -0.12536 0.00000
0.12147 -0.12639 0.00000
0.11821 -0.12735 0.00000
0.11493 -0.12827 0.00000
0.11161 -0.12914 0.00000
0.10826 -0.12996 0.00000
0.10489 -0.13074 0.00000
0.10151 -0.13148 0.00000
0.09810 -0.13218 0.00000
0.09468 -0.13285 0.00000
0.09125 -0.13349 0.00000
0.08781 -0.13408 0.00000
0.08437 -0.13462 0.00000
0.08092 -0.13512 0.00000
0.07747 -0.13556 0.00000
0.07401 -0.13594 0.00000
0.07056 -0.13625 0.00000
0.06712 -0.13650 0.00000
0.06368 -0.13668 0.00000
0.06024 -0.13678 0.00000
0.05682 -0.13679 0.00000
0.05342 -0.13672 0.00000
0.05002 -0.13657 0.00000
0.04665 -0.13631 0.00000
0.04330 -0.13596 0.00000
0.03997 -0.13551 0.00000
0.03667 -0.13495 0.00000
0.03340 -0.13428 0.00000
0.03015 -0.13350 0.00000
0.02695 -0.13260 0.00000
0.02378 -0.13157 0.00000
0.02064 -0.13043 0.00000
0.01755 -0.12915 0.00000
0.01451 -0.12775 0.00000
0.01151 -0.12620 0.00000
0.00859 -0.12452 0.00000
0.00574 -0.12271 0.00000
0.00301 -0.12075 0.00000
0.00041 -0.11866 0.00000
-0.00205 -0.11644 0.00000
-0.00434 -0.11409 0.00000
-0.00643 -0.11161 0.00000
-0.00831 -0.10901 0.00000
-0.00996 -0.10630 0.00000
-0.01136 -0.10349 0.00000
-0.01248 -0.10059 0.00000
-0.01333 -0.09761 0.00000
-0.01391 -0.09456 0.00000
-0.01425 -0.09145 0.00000
-0.01434 -0.08829 0.00000
-0.01420 -0.08510 0.00000
-0.01383 -0.08188 0.00000
-0.01325 -0.07864 0.00000
-0.01246 -0.07540 0.00000
-0.01146 -0.07217 0.00000
-0.01027 -0.06897 0.00000
-0.00888 -0.06581 0.00000
-0.00730 -0.06272 0.00000
-0.00554 -0.05969 0.00000
-0.00362 -0.05676 0.00000
-0.00155 -0.05393 0.00000
0.00067 -0.05119 0.00000
0.00303 -0.04857 0.00000
0.00551 -0.04607 0.00000
0.00810 -0.04369 0.00000
0.01080 -0.04145 0.00000
0.01359 -0.03934 0.00000
0.01646 -0.03738 0.00000
0.01941 -0.03558 0.00000
0.02243 -0.03394 0.00000
0.02549 -0.03248 0.00000
0.02859 -0.03120 0.00000
0.03172 -0.03011 0.00000
0.03486 -0.02921 0.00000
0.03800 -0.02853 0.00000
0.04114 -0.02807 0.00000
0.04424 -0.02783 0.00000
0.04730 -0.02782 0.00000
0.05030 -0.02805 0.00000
0.05322 -0.02852 0.00000
0.05606 -0.02925 0.00000
0.05878 -0.03022 0.00000
0.06138 -0.03144 0.00000
0.06385 -0.03291 0.00000
0.06617 -0.03462 0.00000
0.06835 -0.03656 0.00000
0.07040 -0.03872 0.00000
0.07231 -0.04108 0.00000
0.07408 -0.04364 0.00000
0.07571 -0.04639 0.00000
0.07719 -0.04930 0.00000
0.07852 -0.05236 0.00000
0.07968 -0.05557 0.00000
0.08067 -0.05890 0.00000
0.08148 -0.06233 0.00000
0.08210 -0.06586 0.00000
0.08252 -0.06946 0.00000
0.08276 -0.07311 0.00000
0.08284 -0.07680 0.00000
0.08282 -0.08051 0.00000
0.08274 -0.08424 0.00000
0.08264 -0.08796 0.00000
0.08257 -0.09166 0.00000
0.08258 -0.09532 0.00000
