0.00298 -0.00026 0.00000
0.00597 -0.00052 0.00000
0.00894 -0.00079 0.00000
0.01191 -0.00105 0.00000
0.01486 -0.00131 0.00000
0.01781 -0.00157 0.00000
0.02074 -0.00184 0.00000
0.02367 -0.00210 0.00000
0.02659 -0.00236 0.00000
0.02951 -0.00262 0.00000
0.03242 -0.00289 0.00000
0.03532 -0.00315 0.00000
0.03821 -0.00342 0.00000
0.04110 -0.00368 0.00000
0.04399 -0.00394 0.00000
0.04687 -0.00421 0.00000
0.04974 -0.00448 0.00000
0.05262 -0.00474 0.00000
0.05549 -0.00501 0.00000
0.05835 -0.00528 0.00000
0.06122 -0.00555 0.00000
0.06408 -0.00582 0.00000
0.06694 -0.00609 0.00000
0.06980 -0.00637 0.00000
0.07267 -0.00664 0.00000
0.07553 -0.00691 0.00000
0.07839 -0.00719 0.00000
0.08125 -0.00747 0.00000
0.08411 -0.00775 0.00000
0.08698 -0.00803 0.00000
0.08985 -0.00831 0.00000
0.09272 -0.00859 0.00000
0.09559 -0.00888 0.00000
0.09847 -0.00916 0.00000
0.10135 -0.00945 0.00000
0.10424 -0.00974 0.00000
0.10713 -0.01003 0.00000
0.11003 -0.01033 0.00000
0.11293 -0.01062 0.00000
0.11584 -0.01092 0.00000
0.11876 -0.01122 0.00000
0.12168 -0.01152 0.00000
0.12461 -0.01183 0.00000
0.12755 -0.01213 0.00000
0.13050 -0.01244 0.00000
0.13346 -0.01275 0.00000
0.13643 -0.01307 0.00000
0.13940 -0.01339 0.00000
0.14239 -0.01372 0.00000
0.14538 -0.01407 0.00000
0.14838 -0.01443 0.00000
0.15137 -0.01482 0.00000
0.15437 -0.01523 0.00000
0.15736 -0.01568 0.00000
0.16034 -0.01615 0.00000
0.16330 -0.01667 0.00000
0.16626 -0.01722 0.00000
0.16919 -0.01782 0.00000
0.17211 -0.01847 0.00000
0.17500 -0.01917 0.00000
0.17786 -0.01993 0.00000
0.18069 -0.02074 0.00000
0.18349 -0.02162 0.00000
0.18624 -0.02257 0.00000
0.18896 -0.02358 0.00000
0.19163 -0.02467 0.00000
0.19426 -0.02584 0.00000
0.19683 -0.02709 0.00000
0.19935 -0.02842 0.00000
0.20180 -0.02983 0.00000
0.20420 -0.03134 0.00000
0.20653 -0.03293 0.00000
0.20880 -0.03461 0.00000
0.21100 -0.03638 0.00000
0.21313 -0.03822 0.00000
0.21520 -0.04014 0.00000
0.21719 -0.04214 0.00000
0.21911 -0.04421 0.00000
0.22095 -0.04634 0.00000
0.22270 -0.04853 0.00000
0.22438 -0.05078 0.00000
0.22597 -0.05309 0.00000
0.22747 -0.05545 0.00000
0.22887 -0.05785 0.00000
0.23019 -0.06030 0.00000
0.23140 -0.06278 0.00000
0.23251 -0.06530 0.00000
0.23352 -0.06785 0.00000
0.23442 -0.07042 0.00000
0.23521 -0.07302 0.00000
0.23588 -0.07563 0.00000
0.23644 -0.07825 0.00000
0.23688 -0.08088 0.00000
0.23720 -0.08352 0.00000
0.23740 -0.08615 0.00000
0.23746 -0.08878 0.00000
0.23740 -0.09140 0.00000
0.23721 -0.09400 0.00000
0.23688 -0.09657 0.00000
0.23643 -0.09913 0.00000
0.23586 -0.10166 0.00000
0.23517 -0.10416 0.00000
0.23437 -0.10664 0.00000
0.23346 -0.10909 0.00000
0.23244 -0.11151 0.00000
0.23132 -0.11390 0.00000
0.23009 -0.11626 0.00000
0.22878 -0.11859 0.00000
0.22737 -0.12089 0.00000
0.22587 -0.12316 0.00000
0.22429 -0.12539 0.00000
0.22262 -0.12758 0.00000
0.22087 -0.12974 0.00000
0.21905 -0.13186 0.00000
0.21715 -0.13393 0.00000
0.21518 -0.13597 0.00000
0.21315 -0.13796 0.00000
0.21105 -0.13991 0.00000
0.20889 -0.14181 0.00000
0.20668 -0.14366 0.00000
0.20441 -0.14545 0.00000
0.20209 -0.14720 0.00000
0.19972 -0.14889 0.00000
0.19732 -0.15053 0.00000
0.19487 -0.15210 0.00000
0.19238 -0.15362 0.00000
0.18986 -0.15508 0.00000
0.18732 -0.15647 0.00000
0.18474 -0.15781 0.00000
0.18214 -0.15909 0.00000
0.17952 -0.16031 0.00000
0.17688 -0.16149 0.00000
0.17421 -0.16261 0.00000
0.17152 -0.16368 0.00000
0.16881 -0.16471 0.00000
0.16609 -0.16569 0.00000
0.16334 -0.16663 0.00000
0.16058 -0.16752 0.00000
0.15781 -0.16838 0.00000
0.15502 -0.16920 0.00000
0.15222 -0.16999 0.00000
0.14941 -0.17074 0.00000
0.14658 -0.17145 0.00000
0.14375 -0.17214 0.00000
0.14091 -0.17280 0.00000
0.13806 -0.17343 0.00000
0.13521 -0.17404 0.00000
0.13235 -0.17462 0.00000
0.12949 -0.17519 0.00000
0.12663 -0.17573 0.00000
0.12377 -0.17625 0.00000
0.12091 -0.17676 0.00000
0.11805 -0.17726 0.00000
0.11519 -0.17773 0.00000
0.11234 -0.17820 0.00000
0.10949 -0.17865 0.00000
0.10664 -0.17908 0.00000
0.10379 -0.17950 0.00000
0.10094 -0.17991 0.00000
0.09810 -0.18031 0.00000
0.09526 -0.18070 0.00000
0.09242 -0.18108 0.00000
0.08958 -0.18145 0.00000
0.08674 -0.18181 0.00000
0.08391 -0.18216 0.00000
0.08107 -0.18250 0.00000
0.07823 -0.18283 0.00000
0.07540 -0.18316 0.00000
0.07256 -0.18349 0.00000
0.06973 -0.18380 0.00000
0.06689 -0.18412 0.00000
0.06406 -0.18442 0.00000
0.06122 -0.18473 0.00000
0.05839 -0.18503 0.00000
0.05555 -0.18533 0.00000
0.05271 -0.18563 0.00000
0.04987 -0.18593 0.00000
0.04703 -0.18623 0.00000
0.04419 -0.18652 0.00000
0.04135 -0.18682 0.00000
0.03850 -0.18712 0.00000
0.03566 -0.18742 0.00000
0.03281 -0.18773 0.00000
0.02996 -0.18804 0.00000
0.02711 -0.18835 0.00000
0.02425 -0.18867 0.00000
0.02139 -0.18899 0.00000
0.01853 -0.18931 0.00000
0.01567 -0.18965 0.00000
0.01280 -0.18999 0.00000
