0.00001 0.00001 0.00000
0.00392 -0.00311 0.00000
0.00783 -0.00622 0.00000
0.01174 -0.00933 0.00000
0.01565 -0.01245 0.00000
0.01957 -0.01556 0.00000
0.02348 -0.01867 0.00000
0.02739 -0.02179 0.00000
0.03130 -0.02490 0.00000
0.03521 -0.02801 0.00000
0.03913 -0.03113 0.00000
0.04304 -0.03424 0.00000
0.04695 -0.03736 0.00000
0.05086 -0.04047 0.00000
0.05477 -0.04358 0.00000
0.05869 -0.04670 0.00000
0.06260 -0.04981 0.00000
0.06651 -0.05292 0.00000
0.07042 -0.05604 0.00000
0.07433 -0.05915 0.00000
0.07825 -0.06226 0.00000
0.08215 -0.06538 0.00000
0.08606 -0.06850 0.00000
0.08996 -0.07163 0.00000
0.09385 -0.07477 0.00000
0.09773 -0.07793 0.00000
0.10159 -0.08110 0.00000
0.10543 -0.08430 0.00000
0.10925 -0.08753 0.00000
0.11304 -0.09079 0.00000
0.11680 -0.09408 0.00000
0.12052 -0.09742 0.00000
0.12420 -0.10081 0.00000
0.12783 -0.10425 0.00000
0.13139 -0.10776 0.00000
0.13489 -0.11133 0.00000
0.13831 -0.11498 0.00000
0.14164 -0.11871 0.00000
0.14487 -0.12253 0.00000
0.14797 -0.12645 0.00000
0.15093 -0.13047 0.00000
0.15373 -0.13462 0.00000
0.15633 -0.13889 0.00000
0.15871 -0.14328 0.00000
0.16083 -0.14781 0.00000
0.16265 -0.15247 0.00000
0.16413 -0.15725 0.00000
0.16522 -0.16212 0.00000
0.16590 -0.16708 0.00000
0.16615 -0.17207 0.00000
0.16594 -0.17707 0.00000
0.16530 -0.18203 0.00000
0.16424 -0.18691 0.00000
0.16279 -0.19170 0.00000
0.16100 -0.19636 0.00000
0.15891 -0.20090 0.00000
0.15654 -0.20531 0.00000
0.15396 -0.20959 0.00000
0.15117 -0.21374 0.00000
0.14822 -0.21778 0.00000
0.14513 -0.22170 0.00000
0.14191 -0.22553 0.00000
0.13858 -0.22926 0.00000
0.13516 -0.23291 0.00000
0.13167 -0.23648 0.00000
0.12810 -0.23999 0.00000
0.12447 -0.24343 0.00000
0.12080 -0.24682 0.00000
0.11708 -0.25016 0.00000
0.11331 -0.25345 0.00000
0.10952 -0.25671 0.00000
0.10570 -0.25993 0.00000
0.10185 -0.26313 0.00000
0.09799 -0.26630 0.00000
0.09411 -0.26945 0.00000
0.09021 -0.27259 0.00000
0.08631 -0.27571 0.00000
0.08240 -0.27882 0.00000
0.07848 -0.28193 0.00000
0.07457 -0.28504 0.00000
0.07065 -0.28816 0.00000
0.06675 -0.29128 0.00000
0.06285 -0.29441 0.00000
0.05897 -0.29756 0.00000
0.05510 -0.30072 0.00000
0.05125 -0.30391 0.00000
0.04742 -0.30713 0.00000
0.04362 -0.31038 0.00000
0.03985 -0.31366 0.00000
0.03612 -0.31699 0.00000
0.03243 -0.32037 0.00000
0.02879 -0.32380 0.00000
0.02521 -0.32729 0.00000
0.02170 -0.33085 0.00000
0.01827 -0.33448 0.00000
0.01492 -0.33819 0.00000
0.01168 -0.34200 0.00000
0.00855 -0.34590 0.00000
0.00557 -0.34991 0.00000
0.00274 -0.35404 0.00000
0.00011 -0.35829 0.00000
-0.00230 -0.36267 0.00000
-0.00446 -0.36718 0.00000
-0.00632 -0.37182 0.00000
-0.00785 -0.37658 0.00000
-0.00900 -0.38145 0.00000
-0.00973 -0.38639 0.00000
-0.01003 -0.39138 0.00000
-0.00989 -0.39638 0.00000
-0.00930 -0.40135 0.00000
-0.00829 -0.40624 0.00000
-0.00689 -0.41104 0.00000
-0.00514 -0.41573 0.00000
-0.00309 -0.42028 0.00000
-0.00076 -0.42471 0.00000
0.00180 -0.42901 0.00000
0.00455 -0.43318 0.00000
0.00748 -0.43723 0.00000
0.01056 -0.44117 0.00000
0.01376 -0.44501 0.00000
0.01706 -0.44876 0.00000
0.02047 -0.45243 0.00000
0.02395 -0.45601 0.00000
0.02750 -0.45953 0.00000
0.03111 -0.46299 0.00000
0.03478 -0.46639 0.00000
0.03849 -0.46974 0.00000
0.04224 -0.47304 0.00000
0.04603 -0.47631 0.00000
0.04984 -0.47954 0.00000
0.05368 -0.48275 0.00000
0.05754 -0.48593 0.00000
0.06141 -0.48909 0.00000
0.06530 -0.49223 0.00000
0.06920 -0.49536 0.00000
0.07310 -0.49848 0.00000
0.07701 -0.50160 0.00000
0.08092 -0.50472 0.00000
